=== Información del Escenario Original ===
Información no disponible

=== Ejecución de Algoritmos ===

Métricas Algoritmo Genético:
tiempo_ejecucion: 185.57937693595886
fitness_final: 73.125
generaciones: 101
mejor_fitness: 73.125
fitness_promedio: 61.58811881188119

Métricas Harmony Search:
tiempo_ejecucion: 6.865224361419678
fitness_final: 14.475000000000037
generaciones: 51
mejor_fitness: 14.475000000000037
fitness_promedio: 14.475000000000037
