=== Información del Escenario Original ===
Información no disponible

=== Ejecución de Algoritmos ===

Métricas Algoritmo Genético:
tiempo_ejecucion: 854.196848154068
fitness_final: 88.15
generaciones: 101
mejor_fitness: 88.15
fitness_promedio: 72.715099009901

Métricas Harmony Search:
tiempo_ejecucion: 15.984386205673218
fitness_final: 18.825000000000017
generaciones: 51
mejor_fitness: 18.825000000000017
fitness_promedio: 18.825000000000017
